3,2
3,1
3,3
10,24
10,12
10,10
10,258
10,172
10,146
10,186
10,222
11,26
11,18
11,8
11,6
11,12
11,28
9,6
9,4
8,11
8,5
8,15
8,4
21,3
21,2
21,1
21,0
20,3
20,2
20,1
19,3
19,2
19,1
18,3
18,1
14,3
14,1
13,3
13,1
12,3
12,2
12,1
11,25
11,23
11,15
11,13
11,11
11,7
11,5
11,3
11,2
11,1
10,293
10,259
10,245
10,237
10,227
2,2
10,225
10,221
10,217
2,1
10,195
2,3
10,191
10,131
10,107
10,95
10,79
10,69
10,9
10,3
10,2
10,1
9,7
9,5
9,3
9,2
9,1
8,18
8,17
8,14
8,13
8,12
8,10
8,8
8,7
8,6
8,3
8,2
8,1
7,13
7,12
7,11
7,10
7,9
7,8
7,7
7,6
